     0/299     2.34G     0.404     0.307     0.166     0.876         0         0        34       320     0.681     0.955      0.93     0.795     0.447      0.31     0.292
     1/299     2.34G     0.402     0.305     0.181     0.888         0         0        34       320     0.662     0.955     0.929     0.782     0.468     0.329     0.344
     2/299     2.34G     0.437     0.325     0.191     0.953         0         0        34       320     0.662     0.944     0.919     0.778     0.493     0.346     0.336
     3/299     2.34G     0.503     0.377     0.264      1.14         0         0        34       320     0.566     0.931     0.893     0.704     0.605     0.492       0.4
     4/299     2.34G     0.686     0.613     0.543      1.84         0         0        34       320     0.329     0.849      0.79     0.474     0.838     0.829     0.769
     5/299     2.34G     0.778     0.707      0.69      2.17         0         0        34       320     0.364     0.857      0.79     0.509     0.784      0.73     0.661
     6/299     2.34G     0.642     0.544     0.427      1.61         0         0        34       320     0.515      0.91     0.868     0.656      0.65     0.496     0.436
     7/299     2.34G     0.607     0.507      0.37      1.48         0         0        34       320     0.444     0.897      0.85     0.592      0.68     0.514      0.41
     8/299     2.34G     0.596     0.493      0.32      1.41         0         0        34       320     0.468     0.912     0.865     0.618     0.658     0.502     0.396
     9/299     2.34G     0.594     0.493     0.349      1.44         0         0        34       320     0.463     0.899     0.855     0.611     0.683     0.527     0.406
    10/299     2.34G     0.593      0.49     0.342      1.42         0         0        34       320     0.552     0.903     0.867     0.685     0.643     0.479     0.406
    11/299     2.34G     0.588     0.484     0.332      1.41         0         0        34       320     0.476     0.903     0.861     0.623     0.673     0.534     0.428
    12/299     2.34G     0.583     0.479     0.334       1.4         0         0        34       320     0.447     0.912     0.871       0.6     0.641      0.51     0.411
    13/299     2.34G     0.579     0.475     0.332      1.39         0         0        34       320     0.521     0.917     0.882     0.665     0.628     0.481     0.438
    14/299     2.34G     0.572      0.47     0.285      1.33         0         0        34       320     0.537     0.914     0.875     0.676     0.638     0.479     0.463
    15/299     2.34G     0.567     0.457     0.302      1.33         0         0        34       320     0.515     0.913     0.876     0.658     0.624     0.483     0.493
    16/299     2.34G     0.564     0.456     0.299      1.32         0         0        34       320     0.493     0.925      0.89     0.642     0.646     0.469     0.358
    17/299     2.34G     0.568     0.465     0.304      1.34         0         0        34       320     0.535     0.912     0.875     0.674     0.632     0.474      0.38
    18/299     2.34G     0.561     0.458     0.304      1.32         0         0        34       320     0.481     0.915     0.878      0.63     0.651     0.524     0.442
    19/299     2.34G     0.569     0.465     0.319      1.35         0         0        34       320     0.488     0.923     0.888     0.636     0.603      0.46     0.381
    20/299     2.34G      0.56     0.449     0.319      1.33         0         0        34       320     0.537     0.906     0.872     0.674     0.629     0.476     0.459
    21/299     2.34G     0.558     0.452     0.301      1.31         0         0        34       320     0.531     0.925     0.888     0.675     0.581     0.438     0.359
    22/299     2.34G     0.553     0.442     0.275      1.27         0         0        34       320     0.567     0.909     0.876     0.698     0.641     0.466     0.376
    23/299     2.34G     0.567     0.464     0.316      1.35         0         0        34       320     0.501     0.912     0.873     0.646     0.637     0.503     0.404
    24/299     2.34G     0.562     0.458     0.297      1.32         0         0        34       320     0.531     0.926      0.89     0.674     0.631     0.464     0.411
    25/299     2.34G     0.558     0.447      0.28      1.29         0         0        34       320     0.514     0.919     0.883     0.659     0.624     0.484     0.375
    26/299     2.34G     0.551      0.44     0.309       1.3         0         0        34       320     0.503     0.917     0.878     0.649     0.616     0.473     0.458
    27/299     2.34G     0.559      0.45     0.305      1.31         0         0        34       320     0.478     0.919     0.881     0.626     0.624     0.456      0.43
    28/299     2.34G     0.546     0.438     0.277      1.26         0         0        34       320     0.528     0.901     0.865     0.666     0.631       0.5     0.457
    29/299     2.34G     0.549      0.44     0.284      1.27         0         0        34       320     0.526      0.92     0.885     0.669     0.595     0.456     0.379
    30/299     2.34G     0.548     0.439     0.289      1.28         0         0        34       320     0.543     0.913     0.879      0.68     0.604     0.447      0.38
    31/299     2.34G     0.555     0.445     0.324      1.32         0         0        34       320     0.538     0.914     0.878     0.677     0.608     0.457     0.365
    32/299     2.34G     0.548     0.444     0.277      1.27         0         0        34       320     0.488     0.924     0.887     0.639     0.614      0.47     0.393
    33/299     2.34G     0.564     0.457     0.327      1.35         0         0        34       320     0.514     0.916     0.877     0.658     0.629     0.472     0.481
    34/299     2.34G     0.543     0.433     0.272      1.25         0         0        34       320     0.571     0.919     0.887     0.704     0.597     0.439     0.411
    35/299     2.34G     0.546     0.434     0.254      1.23         0         0        34       320     0.563     0.918     0.885     0.697     0.598     0.425     0.489
    36/299     2.34G     0.545     0.432     0.277      1.25         0         0        34       320      0.42     0.917     0.876     0.575     0.617     0.529     0.392
    37/299     2.34G     0.559     0.448     0.279      1.29         0         0        34       320      0.56     0.911     0.876     0.694     0.587     0.429     0.481
    38/299     2.34G     0.543     0.435     0.287      1.27         0         0        34       320     0.528     0.923     0.891     0.672       0.6     0.453     0.388
    39/299     2.34G     0.561     0.458     0.303      1.32         0         0        34       320      0.57     0.915     0.883     0.702     0.609     0.446     0.382
    40/299     2.34G     0.541     0.435     0.275      1.25         0         0        34       320      0.54     0.923     0.887     0.681     0.576     0.437     0.435
    41/299     2.34G     0.543     0.432     0.297      1.27         0         0        34       320     0.539     0.918     0.886     0.679       0.6     0.442     0.391
    42/299     2.34G      0.54      0.43     0.261      1.23         0         0        34       320     0.505      0.93     0.896     0.654     0.587      0.45     0.427
    43/299     2.34G     0.538      0.43     0.266      1.23         0         0        34       320     0.521     0.921     0.886     0.665     0.589     0.467     0.391
    44/299     2.34G     0.529     0.423     0.238      1.19         0         0        34       320     0.527     0.923     0.888      0.67     0.572     0.436     0.402
    45/299     2.34G     0.532     0.417     0.265      1.21         0         0        34       320     0.551     0.921     0.884     0.689     0.572     0.425      0.42
    46/299     2.34G     0.541     0.434     0.271      1.25         0         0        34       320     0.524     0.929     0.889     0.669      0.61     0.461     0.395
    47/299     2.34G     0.532     0.421     0.247       1.2         0         0        34       320     0.509     0.917      0.88     0.655     0.669     0.511     0.505
    48/299     2.34G      0.55      0.44     0.283      1.27         0         0        34       320      0.57     0.917     0.882     0.702     0.606     0.437      0.38
    49/299     2.34G     0.537      0.43     0.264      1.23         0         0        34       320     0.481     0.918     0.882     0.631     0.609     0.492     0.441
    50/299     2.34G     0.528     0.417     0.248      1.19         0         0        34       320     0.583     0.918     0.886     0.711       0.6      0.46     0.405
    51/299     2.34G     0.536     0.423     0.252      1.21         0         0        34       320     0.522     0.905     0.867      0.66     0.612     0.518      0.44
    52/299     2.34G     0.545     0.443     0.275      1.26         0         0        34       320     0.553     0.915     0.883     0.689     0.597     0.436     0.419
    53/299     2.34G     0.542     0.436     0.266      1.24         0         0        34       320     0.558     0.931     0.897     0.698     0.598      0.44     0.396
    54/299     2.34G     0.542     0.436     0.266      1.24         0         0        34       320     0.511      0.92     0.885     0.657     0.601     0.468     0.501
    55/299     2.34G     0.561     0.463     0.317      1.34         0         0        34       320     0.493     0.923     0.888     0.643     0.589     0.436     0.394
    56/299     2.34G     0.539     0.437      0.27      1.25         0         0        34       320     0.538     0.921     0.888     0.678     0.594     0.439     0.384
    57/299     2.34G     0.534     0.426     0.268      1.23         0         0        34       320     0.536     0.922     0.885     0.678      0.62     0.456     0.431
    58/299     2.34G     0.543     0.438     0.283      1.26         0         0        34       320     0.592     0.924      0.89     0.721       0.6     0.461     0.492
    59/299     2.34G     0.533     0.427     0.256      1.22         0         0        34       320     0.562     0.918     0.885     0.697     0.588     0.452     0.442
    60/299     2.34G     0.524      0.41     0.238      1.17         0         0        34       320     0.515     0.925     0.886     0.661     0.577     0.458     0.618
    61/299     2.34G     0.526     0.412      0.24      1.18         0         0        34       320     0.566     0.929     0.895     0.703     0.551      0.42     0.433
    62/299     2.34G     0.523     0.411     0.233      1.17         0         0        34       320     0.542     0.929     0.897     0.684     0.589     0.443     0.381
    63/299     2.34G     0.533     0.422     0.248       1.2         0         0        34       320     0.598      0.93     0.898     0.727     0.579     0.415     0.392
    64/299     2.34G     0.528     0.412      0.25      1.19         0         0        34       320     0.466     0.927     0.893      0.62     0.591     0.499     0.512
    65/299     2.34G     0.527     0.416     0.246      1.19         0         0        34       320     0.622     0.926     0.894     0.744      0.57     0.421     0.366
    66/299     2.34G     0.522     0.404      0.24      1.17         0         0        34       320     0.573     0.916     0.883     0.702      0.59      0.46     0.562
    67/299     2.34G     0.539      0.43     0.265      1.23         0         0        34       320     0.525     0.919     0.886     0.668     0.592     0.451     0.429
    68/299     2.34G     0.528     0.417     0.255       1.2         0         0        34       320     0.565     0.934     0.903     0.704     0.573      0.42     0.444
    69/299     2.34G     0.522     0.409     0.247      1.18         0         0        34       320     0.558     0.922     0.887     0.693     0.562     0.428      0.42
    70/299     2.34G     0.517     0.403     0.213      1.13         0         0        34       320     0.611     0.928     0.898     0.737      0.58     0.404     0.373
    71/299     2.34G      0.51     0.395     0.218      1.12         0         0        34       320     0.594      0.93     0.899     0.725     0.572     0.417      0.36
    72/299     2.34G     0.521     0.404     0.261      1.19         0         0        34       320     0.579     0.925     0.893     0.712       0.6     0.429     0.427
    73/299     2.34G     0.513     0.396     0.234      1.14         0         0        34       320     0.555     0.921     0.888     0.693     0.596     0.429     0.386
    74/299     2.34G     0.535     0.426     0.265      1.23         0         0        34       320     0.545     0.924     0.887     0.685     0.598     0.442     0.391
    75/299     2.34G     0.533     0.423     0.265      1.22         0         0        34       320     0.472     0.931     0.893     0.626     0.604     0.471     0.459
    76/299     2.34G     0.548     0.444     0.286      1.28         0         0        34       320     0.486     0.925     0.889     0.637     0.592     0.488     0.408
    77/299     2.34G     0.548     0.441     0.274      1.26         0         0        34       320     0.542     0.927     0.892     0.682     0.574     0.424     0.449
    78/299     2.34G      0.53     0.423     0.245       1.2         0         0        34       320     0.543     0.926     0.892     0.684      0.58     0.422     0.411
    79/299     2.34G     0.541     0.429     0.276      1.25         0         0        34       320     0.584     0.927     0.894     0.716     0.592      0.43     0.398
    80/299     2.34G     0.527     0.419     0.235      1.18         0         0        34       320     0.629      0.93     0.899      0.75     0.576     0.417     0.405
    81/299     2.34G     0.515     0.399     0.243      1.16         0         0        34       320     0.558     0.929     0.895     0.697     0.594     0.402     0.367
    82/299     2.34G     0.517     0.401      0.23      1.15         0         0        34       320     0.571     0.925     0.893     0.706     0.585     0.423     0.371
    83/299     2.34G     0.526     0.417     0.248      1.19         0         0        34       320     0.585      0.93     0.894     0.718     0.593     0.442     0.551
    84/299     2.34G     0.528     0.421     0.253       1.2         0         0        34       320     0.597     0.933     0.902     0.728     0.558     0.401     0.415
    85/299     2.34G      0.51       0.4     0.229      1.14         0         0        34       320     0.542      0.93     0.897     0.684     0.612     0.427     0.473
    86/299     2.34G      0.53     0.424     0.246       1.2         0         0        34       320     0.577     0.933       0.9     0.712     0.549     0.415     0.463
    87/299     2.34G     0.527     0.428     0.254      1.21         0         0        34       320     0.541     0.931     0.897     0.684     0.583     0.451      0.43
    88/299     2.34G     0.512     0.402     0.224      1.14         0         0        34       320     0.553     0.931     0.896     0.692     0.568     0.424      0.41
    89/299     2.34G     0.512     0.401      0.22      1.13         0         0        34       320     0.598      0.93     0.898     0.728     0.574     0.402     0.378
    90/299     2.34G     0.513     0.401      0.22      1.13         0         0        34       320     0.606     0.924     0.891     0.729     0.575     0.433     0.413
    91/299     2.34G     0.525     0.417     0.248      1.19         0         0        34       320     0.571      0.93     0.896     0.706       0.6     0.441     0.448
    92/299     2.34G      0.53     0.422     0.247       1.2         0         0        34       320     0.471     0.928     0.891     0.625     0.629     0.481     0.426
    93/299     2.34G     0.538      0.43     0.269      1.24         0         0        34       320     0.565     0.922     0.889       0.7     0.587     0.443       0.5
    94/299     2.34G     0.522     0.412     0.244      1.18         0         0        34       320     0.567     0.924     0.892     0.702     0.574     0.449     0.447
    95/299     2.34G     0.509     0.397     0.216      1.12         0         0        34       320     0.554     0.937     0.904     0.696     0.574     0.422     0.398
    96/299     2.34G     0.524     0.409     0.249      1.18         0         0        34       320     0.516      0.93     0.894     0.664     0.576     0.434     0.394
    97/299     2.34G     0.524     0.408     0.231      1.16         0         0        34       320     0.533     0.924     0.892     0.676     0.587     0.421     0.436
    98/299     2.34G     0.515     0.401     0.217      1.13         0         0        34       320     0.576     0.932     0.897     0.712     0.583     0.421     0.404
    99/299     2.34G     0.531     0.422     0.279      1.23         0         0        34       320     0.582     0.932     0.897     0.715     0.579     0.419     0.515
   100/299     2.34G     0.525     0.421      0.25       1.2         0         0        34       320     0.531     0.927     0.892     0.674     0.583     0.443     0.543
   101/299     2.34G     0.513     0.409     0.228      1.15         0         0        34       320     0.599     0.928     0.896     0.728      0.58     0.425      0.37
   102/299     2.34G     0.514       0.4     0.236      1.15         0         0        34       320     0.585     0.938     0.909     0.721     0.543       0.4     0.447
   103/299     2.34G     0.507     0.394     0.218      1.12         0         0        34       320     0.577     0.939     0.908     0.715     0.568     0.415     0.415
   104/299     2.34G     0.509     0.402     0.228      1.14         0         0        34       320      0.53     0.931     0.896     0.674     0.573     0.419     0.392
   105/299     2.34G     0.505      0.39     0.211      1.11         0         0        34       320     0.562     0.931     0.897     0.699     0.551     0.418     0.408
   106/299     2.34G     0.516     0.405     0.249      1.17         0         0        34       320     0.574     0.933     0.901      0.71     0.577     0.452     0.405
   107/299     2.34G     0.518     0.405      0.24      1.16         0         0        34       320     0.555     0.935     0.902     0.695     0.567     0.399     0.405
   108/299     2.34G     0.519     0.406     0.246      1.17         0         0        34       320     0.565     0.934       0.9     0.703     0.572     0.412     0.339
   109/299     2.34G     0.517     0.408     0.227      1.15         0         0        34       320     0.566     0.924     0.893     0.702     0.563      0.42     0.464
   110/299     2.34G     0.519      0.41     0.237      1.17         0         0        34       320     0.581      0.93     0.898     0.715     0.551     0.438     0.366
   111/299     2.34G     0.508       0.4     0.222      1.13         0         0        34       320     0.579     0.934     0.902     0.714     0.555     0.446     0.476
   112/299     2.34G      0.52     0.413     0.244      1.18         0         0        34       320     0.572     0.935     0.901     0.709     0.574     0.412     0.386
   113/299     2.34G     0.518     0.409     0.248      1.18         0         0        34       320     0.562     0.935     0.901     0.701     0.557     0.408     0.392
   114/299     2.34G     0.519     0.407     0.242      1.17         0         0        34       320     0.609     0.937     0.906     0.737     0.555     0.394     0.389
   115/299     2.34G     0.499     0.387     0.211       1.1         0         0        34       320     0.549     0.933       0.9      0.69     0.582     0.422     0.481
   116/299     2.34G     0.505     0.396     0.212      1.11         0         0        34       320     0.609     0.936     0.908     0.738     0.558     0.393     0.398
   117/299     2.34G     0.526     0.417      0.24      1.18         0         0        34       320     0.616     0.919     0.887     0.737     0.599     0.433     0.411
   118/299     2.34G     0.526      0.42     0.253       1.2         0         0        34       320     0.577     0.931     0.898     0.712     0.595     0.442     0.496
   119/299     2.34G     0.516     0.405     0.236      1.16         0         0        34       320     0.585     0.936     0.902      0.72     0.568     0.401     0.415
   120/299     2.34G     0.515     0.401     0.222      1.14         0         0        34       320     0.593     0.927     0.898     0.723     0.567     0.379     0.369
   121/299     2.34G     0.505     0.394     0.217      1.12         0         0        34       320     0.553     0.936     0.902     0.694     0.584     0.418     0.387
   122/299     2.34G     0.528     0.423     0.238      1.19         0         0        34       320     0.586     0.929     0.899     0.718     0.562     0.419     0.481
   123/299     2.34G     0.518     0.407     0.235      1.16         0         0        34       320     0.648     0.932     0.902     0.765     0.558     0.406      0.38
   124/299     2.34G     0.518     0.412     0.234      1.16         0         0        34       320     0.615     0.925     0.893     0.739     0.566     0.417       0.4
   125/299     2.34G     0.501      0.39     0.211       1.1         0         0        34       320     0.498     0.931     0.893     0.649     0.599     0.461     0.432
   126/299     2.34G     0.517     0.409     0.236      1.16         0         0        34       320     0.516     0.924     0.888      0.66       0.6     0.432     0.483
   127/299     2.34G     0.519     0.403     0.236      1.16         0         0        34       320     0.623     0.933     0.906     0.747     0.562     0.388     0.356
   128/299     2.34G     0.515     0.409      0.24      1.16         0         0        34       320     0.598     0.935     0.906      0.73     0.564     0.389     0.379
   129/299     2.34G     0.506     0.394     0.223      1.12         0         0        34       320     0.557     0.933     0.901     0.698     0.569     0.417     0.376
   130/299     2.34G     0.499     0.386     0.204      1.09         0         0        34       320     0.626     0.935     0.905     0.749     0.552     0.401     0.395
   131/299     2.34G     0.504     0.391     0.223      1.12         0         0        34       320     0.554     0.933       0.9     0.695     0.591     0.464     0.462
   132/299     2.34G     0.527      0.42     0.262      1.21         0         0        34       320      0.59     0.929     0.899     0.722     0.584     0.416     0.428
   133/299     2.34G     0.504     0.394     0.217      1.11         0         0        34       320     0.603     0.937     0.905     0.733     0.585     0.418     0.396
   134/299     2.34G     0.518     0.408     0.252      1.18         0         0        34       320     0.488     0.926     0.888     0.639     0.598     0.476       0.4
   135/299     2.34G     0.522     0.417      0.26       1.2         0         0        34       320     0.547     0.932     0.895     0.688     0.582     0.415     0.506
   136/299     2.34G     0.514     0.403     0.247      1.16         0         0        34       320      0.54     0.927     0.892     0.683     0.596      0.44     0.435
   137/299     2.34G     0.524     0.414     0.244      1.18         0         0        34       320     0.553     0.919     0.885      0.69     0.595     0.457     0.437
   138/299     2.34G      0.53     0.427     0.273      1.23         0         0        34       320      0.52     0.915     0.879     0.663     0.593     0.473     0.389
   139/299     2.34G     0.528     0.423     0.248       1.2         0         0        34       320     0.526     0.919     0.886     0.668     0.615     0.473     0.388
   140/299     2.34G     0.528      0.43     0.259      1.22         0         0        34       320     0.535     0.924     0.892     0.677     0.574     0.427     0.398
   141/299     2.34G     0.518      0.41     0.253      1.18         0         0        34       320     0.562     0.927     0.895     0.699     0.633     0.447     0.502
   142/299     2.34G     0.519      0.41     0.261      1.19         0         0        34       320     0.619     0.927     0.896     0.742     0.551     0.401     0.406
   143/299     2.34G     0.516     0.401     0.229      1.15         0         0        34       320     0.635     0.934     0.905     0.756      0.57     0.392     0.363
   144/299     2.34G     0.509     0.395      0.23      1.13         0         0        34       320      0.58     0.937     0.904     0.716     0.563      0.42     0.388
   145/299     2.34G     0.506     0.396     0.222      1.12         0         0        34       320     0.549     0.933     0.901      0.69     0.565     0.413     0.359
   146/299     2.34G     0.508     0.397     0.244      1.15         0         0        34       320     0.556     0.928     0.892     0.692     0.585     0.426     0.378
   147/299     2.34G     0.515     0.402     0.248      1.16         0         0        34       320     0.604     0.929     0.895     0.732     0.548     0.393     0.383
   148/299     2.34G     0.508     0.395     0.241      1.14         0         0        34       320     0.626     0.931     0.901     0.749     0.545     0.409     0.382
   149/299     2.34G     0.499     0.383     0.205      1.09         0         0        34       320     0.564     0.939     0.906     0.705     0.544     0.383     0.389
   150/299     2.34G     0.501     0.387     0.211       1.1         0         0        34       320     0.631     0.936     0.907     0.754     0.557     0.388     0.385
   151/299     2.34G     0.499     0.387      0.22      1.11         0         0        34       320     0.556      0.93     0.895     0.695     0.587     0.449     0.365
   152/299     2.34G     0.521     0.411      0.26      1.19         0         0        34       320     0.649     0.932     0.905     0.765      0.56     0.391     0.415
   153/299     2.34G     0.492     0.378     0.212      1.08         0         0        34       320     0.634     0.935     0.904     0.755     0.531     0.375     0.376
   154/299     2.34G     0.526     0.412     0.256      1.19         0         0        34       320     0.534     0.927     0.895     0.677     0.561     0.434      0.44
   155/299     2.34G     0.524     0.417     0.249      1.19         0         0        34       320      0.59     0.912     0.881     0.717     0.602     0.456     0.483
   156/299     2.34G     0.522     0.416     0.245      1.18         0         0        34       320     0.557     0.931     0.899     0.695     0.567      0.43     0.421
   157/299     2.34G     0.515     0.405     0.247      1.17         0         0        34       320     0.611      0.93     0.899     0.737     0.577     0.387     0.385
   158/299     2.34G     0.499     0.385      0.22      1.11         0         0        34       320     0.654      0.94     0.911     0.772     0.548     0.386     0.334
   159/299     2.34G      0.49     0.377      0.21      1.08         0         0        34       320     0.634     0.932     0.902     0.755     0.566     0.414     0.445
   160/299     2.34G     0.496     0.384     0.215      1.09         0         0        34       320     0.611     0.934     0.903     0.739     0.566     0.401     0.384
   161/299     2.34G      0.49     0.376     0.204      1.07         0         0        34       320     0.636     0.934     0.906     0.756     0.555      0.38     0.366
   162/299     2.34G     0.501      0.39     0.217      1.11         0         0        34       320     0.648     0.927     0.895     0.763     0.564     0.392     0.389
   163/299     2.34G     0.503     0.396     0.224      1.12         0         0        34       320     0.587     0.905     0.874      0.71     0.593     0.444     0.501
   164/299     2.34G     0.526     0.421     0.251       1.2         0         0        34       320     0.649     0.934     0.905     0.766      0.56     0.386     0.385
   165/299     2.34G     0.494     0.383     0.197      1.07         0         0        34       320     0.543     0.925     0.892     0.684     0.622     0.462     0.398
   166/299     2.34G     0.519     0.415     0.254      1.19         0         0        34       320     0.607     0.934     0.905     0.734     0.552     0.407     0.439
   167/299     2.34G     0.509       0.4     0.231      1.14         0         0        34       320     0.578      0.94     0.908     0.714     0.555     0.389     0.422
   168/299     2.34G     0.514     0.405     0.244      1.16         0         0        34       320     0.551      0.93       0.9     0.689     0.576     0.405     0.414
   169/299     2.34G     0.504     0.399     0.222      1.13         0         0        34       320     0.598     0.926     0.898     0.727     0.572     0.441     0.471
   170/299     2.34G     0.519     0.412     0.271       1.2         0         0        34       320      0.58     0.931     0.901     0.714     0.571     0.412     0.439
   171/299     2.34G     0.526     0.415     0.258       1.2         0         0        34       320     0.605     0.935     0.904     0.734     0.566       0.4     0.415
   172/299     2.34G      0.51     0.399     0.235      1.14         0         0        34       320     0.584     0.939     0.907      0.72     0.557     0.393     0.359
   173/299     2.34G     0.496     0.386     0.211      1.09         0         0        34       320     0.595     0.936     0.904     0.727      0.55     0.379     0.389
   174/299     2.34G       0.5     0.391     0.211       1.1         0         0        34       320     0.564     0.936     0.904     0.704     0.555     0.417     0.405
   175/299     2.34G     0.503     0.393     0.226      1.12         0         0        34       320     0.505     0.933     0.901     0.653     0.583     0.445     0.473
   176/299     2.34G      0.51     0.398     0.214      1.12         0         0        34       320     0.578     0.929     0.899     0.712     0.565     0.397     0.372
   177/299     2.34G     0.504     0.389     0.224      1.12         0         0        34       320     0.638      0.93     0.903     0.757     0.545     0.391     0.416
   178/299     2.34G       0.5     0.392     0.212       1.1         0         0        34       320     0.595     0.937     0.905     0.727     0.567     0.406     0.444
   179/299     2.34G     0.523     0.413     0.257      1.19         0         0        34       320     0.595     0.934     0.903     0.726     0.549     0.416     0.423
   180/299     2.34G     0.554     0.465     0.304      1.32         0         0        34       320     0.503     0.912     0.878     0.648     0.607     0.498     0.544
   181/299     2.34G     0.545     0.442     0.268      1.25         0         0        34       320     0.607     0.927     0.895     0.734     0.584     0.428     0.385
   182/299     2.34G     0.528     0.421     0.247       1.2         0         0        34       320     0.604     0.926     0.896     0.731     0.585     0.412     0.372
   183/299     2.34G      0.52     0.415     0.243      1.18         0         0        34       320     0.639     0.928     0.899     0.756     0.576     0.402     0.378
   184/299     2.34G     0.511       0.4     0.237      1.15         0         0        34       320     0.568     0.927     0.896     0.703     0.574     0.406      0.45
   185/299     2.34G     0.506     0.397      0.23      1.13         0         0        34       320     0.603     0.932       0.9     0.732     0.577     0.408      0.38
   186/299     2.34G     0.506     0.395     0.228      1.13         0         0        34       320     0.559     0.934     0.898     0.699     0.578     0.409     0.396
   187/299     2.34G      0.51     0.403     0.223      1.14         0         0        34       320     0.602     0.934     0.901     0.732     0.576       0.4     0.395
   188/299     2.34G     0.504     0.394     0.211      1.11         0         0        34       320     0.613     0.936     0.907     0.741     0.549     0.396      0.42
   189/299     2.34G     0.514     0.404     0.239      1.16         0         0        34       320     0.567     0.931     0.897     0.705     0.553     0.413     0.364
